name: 4900RL
channels:
  - conda-forge
  - defaults
dependencies:
  - aom=3.5.0=h63175ca_0
  - bzip2=1.0.8=h8ffe710_4
  - ca-certificates=2023.08.22=haa95532_0
  - cairo=1.16.0=h412253b_1017
  - cloudpickle=2.2.1=pyhd8ed1ab_0
  - dav1d=1.2.1=hcfcfb64_0
  - expat=2.5.0=h63175ca_1
  - farama-notifications=0.0.4=pyhd8ed1ab_0
  - font-ttf-dejavu-sans-mono=2.37=hab24e00_0
  - font-ttf-inconsolata=3.000=h77eed37_0
  - font-ttf-source-code-pro=2.038=h77eed37_0
  - font-ttf-ubuntu=0.83=hab24e00_0
  - fontconfig=2.14.2=hbde0cde_0
  - fonts-conda-ecosystem=1=0
  - fonts-conda-forge=1=0
  - freetype=2.12.1=h546665d_1
  - gettext=0.21.1=h5728263_0
  - graphite2=1.3.13=1000
  - gymnasium=0.28.1=py311h3810d55_0
  - harfbuzz=8.1.1=h7ab893a_1
  - icu=73.2=h63175ca_0
  - intel-openmp=2023.2.0=h57928b3_49496
  - jax-jumpy=1.0.0=pyhd8ed1ab_0
  - lerc=4.0.0=h63175ca_0
  - libavif=0.11.1=ha7b97ba_2
  - libblas=3.9.0=18_win64_mkl
  - libcblas=3.9.0=18_win64_mkl
  - libdeflate=1.18=hcfcfb64_0
  - libexpat=2.5.0=h63175ca_1
  - libffi=3.4.2=h8ffe710_5
  - libflac=1.4.3=h63175ca_0
  - libglib=2.76.4=he8f3873_0
  - libhwloc=2.9.2=default_haede6df_1009
  - libiconv=1.17=h8ffe710_0
  - libjpeg-turbo=2.1.5.1=hcfcfb64_0
  - liblapack=3.9.0=18_win64_mkl
  - libmad=0.15.1b=hcfcfb64_1001
  - libogg=1.3.4=h8ffe710_1
  - libpng=1.6.39=h19919ed_0
  - libsqlite=3.43.0=hcfcfb64_0
  - libtiff=4.5.1=h6c8260b_1
  - libvorbis=1.3.7=h0e60522_0
  - libwebp-base=1.3.1=hcfcfb64_0
  - libxml2=2.11.5=hc3477c8_1
  - libzlib=1.2.13=hcfcfb64_5
  - mkl=2022.1.0=h6a75c08_874
  - mpg123=1.31.3=h63175ca_0
  - numpy=1.25.2=py311h0b4df5a_0
  - openssl=3.1.2=hcfcfb64_0
  - pcre2=10.40=h17e33f8_0
  - pip=23.2.1=pyhd8ed1ab_0
  - pixman=0.40.0=h8ffe710_0
  - portmidi=2.0.4=h63175ca_2
  - pthreads-win32=2.9.1=hfa6e2cd_3
  - python=3.11.5=h2628c8c_0_cpython
  - python_abi=3.11=3_cp311
  - sdl2=2.28.2=h63175ca_0
  - sdl2_image=2.6.3=h3be12bc_1
  - sdl2_mixer=2.6.3=h090ff69_0
  - sdl2_ttf=2.20.2=hd5f56a6_2
  - setuptools=68.1.2=pyhd8ed1ab_0
  - tbb=2021.10.0=h91493d7_0
  - tk=8.6.12=h8ffe710_0
  - typing_extensions=4.7.1=pyha770c72_0
  - tzdata=2023c=h71feb2d_0
  - ucrt=10.0.22621.0=h57928b3_0
  - vc=14.3=h64f974e_17
  - vc14_runtime=14.36.32532=hfdfe4a8_17
  - vs2015_runtime=14.36.32532=h05e6639_17
  - wheel=0.41.2=pyhd8ed1ab_0
  - xz=5.2.6=h8d14728_0
  - zlib=1.2.13=hcfcfb64_5
  - zstd=1.5.5=h12be248_0
  - pip:
      - box2d-py==2.3.5
      - freetype-py==2.4.0
      - pygame==2.1.3
      - pygame-ce==2.3.2
      - swig==4.1.1
      - ufal-pybox2d==2.3.10.2
      - pandas==2.1.3
